25 June 2012   8:41:57.055 PM
 
LATIN_COVER_PRB:
  FORTRAN90 version
  Test the LATIN_COVER library.
 
TEST01
  LATIN_COVER:
 
  Permutation
 
     1   2   3
     1   3   2
 
  Latin cover
 
  Col        1       2       3
  Row
 
    1:       1       3       2
    2:       3       2       1
    3:       2       1       3
 
  Permutation
 
     1   2   3
     2   1   3
 
  Latin cover
 
  Col        1       2       3
  Row
 
    1:       2       1       3
    2:       1       3       2
    3:       3       2       1
 
  Permutation
 
     1   2   3
     1   2   3
 
  Latin cover
 
  Col        1       2       3
  Row
 
    1:       1       2       3
    2:       3       1       2
    3:       2       3       1
 
  Permutation
 
     1   2   3   4   5
     2   5   1   3   4
 
  Latin cover
 
  Col        1       2       3       4       5
  Row
 
    1:       3       1       4       5       2
    2:       2       5       3       4       1
    3:       1       4       2       3       5
    4:       5       3       1       2       4
    5:       4       2       5       1       3
 
  Permutation
 
     1   2   3   4   5
     1   3   2   4   5
 
  Latin cover
 
  Col        1       2       3       4       5
  Row
 
    1:       1       3       2       4       5
    2:       5       2       1       3       4
    3:       4       1       5       2       3
    4:       3       5       4       1       2
    5:       2       4       3       5       1
 
  Permutation
 
     1   2   3   4   5
     1   3   4   5   2
 
  Latin cover
 
  Col        1       2       3       4       5
  Row
 
    1:       1       5       2       3       4
    2:       5       4       1       2       3
    3:       4       3       5       1       2
    4:       3       2       4       5       1
    5:       2       1       3       4       5
 
  Permutation
 
     1   2   3   4   5   6   7
     2   7   1   6   4   5   3
 
  Latin cover
 
  Col        1       2       3       4       5       6       7
  Row
 
    1:       3       1       7       5       6       4       2
    2:       2       7       6       4       5       3       1
    3:       1       6       5       3       4       2       7
    4:       7       5       4       2       3       1       6
    5:       6       4       3       1       2       7       5
    6:       5       3       2       7       1       6       4
    7:       4       2       1       6       7       5       3
 
  Permutation
 
     1   2   3   4   5   6   7
     1   2   6   4   3   5   7
 
  Latin cover
 
  Col        1       2       3       4       5       6       7
  Row
 
    1:       1       2       5       4       6       3       7
    2:       7       1       4       3       5       2       6
    3:       6       7       3       2       4       1       5
    4:       5       6       2       1       3       7       4
    5:       4       5       1       7       2       6       3
    6:       3       4       7       6       1       5       2
    7:       2       3       6       5       7       4       1
 
  Permutation
 
     1   2   3   4   5   6   7
     6   2   7   5   4   1   3
 
  Latin cover
 
  Col        1       2       3       4       5       6       7
  Row
 
    1:       6       2       7       5       4       1       3
    2:       5       1       6       4       3       7       2
    3:       4       7       5       3       2       6       1
    4:       3       6       4       2       1       5       7
    5:       2       5       3       1       7       4       6
    6:       1       4       2       7       6       3       5
    7:       7       3       1       6       5       2       4
 
  Permutation
 
     1   2   3   4   5   6   7   8   9
     2   9   8   7   4   6   5   3   1
 
  Latin cover
 
  Col        1       2       3       4       5       6       7       8       9
  Row
 
    1:       9       1       8       5       7       6       4       3       2
    2:       8       9       7       4       6       5       3       2       1
    3:       7       8       6       3       5       4       2       1       9
    4:       6       7       5       2       4       3       1       9       8
    5:       5       6       4       1       3       2       9       8       7
    6:       4       5       3       9       2       1       8       7       6
    7:       3       4       2       8       1       9       7       6       5
    8:       2       3       1       7       9       8       6       5       4
    9:       1       2       9       6       8       7       5       4       3
 
  Permutation
 
     1   2   3   4   5   6   7   8   9
     6   2   1   3   8   9   7   4   5
 
  Latin cover
 
  Col        1       2       3       4       5       6       7       8       9
  Row
 
    1:       3       2       4       8       9       1       7       5       6
    2:       2       1       3       7       8       9       6       4       5
    3:       1       9       2       6       7       8       5       3       4
    4:       9       8       1       5       6       7       4       2       3
    5:       8       7       9       4       5       6       3       1       2
    6:       7       6       8       3       4       5       2       9       1
    7:       6       5       7       2       3       4       1       8       9
    8:       5       4       6       1       2       3       9       7       8
    9:       4       3       5       9       1       2       8       6       7
 
  Permutation
 
     1   2   3   4   5   6   7   8   9
     1   2   9   3   5   6   7   4   8
 
  Latin cover
 
  Col        1       2       3       4       5       6       7       8       9
  Row
 
    1:       1       2       4       8       5       6       7       9       3
    2:       9       1       3       7       4       5       6       8       2
    3:       8       9       2       6       3       4       5       7       1
    4:       7       8       1       5       2       3       4       6       9
    5:       6       7       9       4       1       2       3       5       8
    6:       5       6       8       3       9       1       2       4       7
    7:       4       5       7       2       8       9       1       3       6
    8:       3       4       6       1       7       8       9       2       5
    9:       2       3       5       9       6       7       8       1       4
 
TEST02
  LATIN_COVER_2D:
 
  Permutation 1
 
     1   2   3
     1   3   2
 
  Permutation 2
 
     1   2   3
     2   1   3
 
  Latin cover
 
  Col        1       2       3
  Row
 
    1:       3       1       2
    2:       2       3       1
    3:       1       2       3
 
  Permutation 1
 
     1   2   3
     1   2   3
 
  Permutation 2
 
     1   2   3
     2   1   3
 
  Latin cover
 
  Col        1       2       3
  Row
 
    1:       3       1       2
    2:       1       2       3
    3:       2       3       1
 
  Permutation 1
 
     1   2   3
     2   3   1
 
  Permutation 2
 
     1   2   3
     1   3   2
 
  Latin cover
 
  Col        1       2       3
  Row
 
    1:       3       1       2
    2:       1       2       3
    3:       2       3       1
 
  Permutation 1
 
     1   2   3   4   5
     2   5   1   3   4
 
  Permutation 2
 
     1   2   3   4   5
     1   3   2   4   5
 
  Latin cover
 
  Col        1       2       3       4       5
  Row
 
    1:       3       1       2       5       4
    2:       1       4       5       3       2
    3:       4       2       3       1       5
    4:       5       3       4       2       1
    5:       2       5       1       4       3
 
  Permutation 1
 
     1   2   3   4   5
     1   3   4   5   2
 
  Permutation 2
 
     1   2   3   4   5
     1   5   4   3   2
 
  Latin cover
 
  Col        1       2       3       4       5
  Row
 
    1:       1       2       3       4       5
    2:       5       1       2       3       4
    3:       2       3       4       5       1
    4:       3       4       5       1       2
    5:       4       5       1       2       3
 
  Permutation 1
 
     1   2   3   4   5
     5   1   3   4   2
 
  Permutation 2
 
     1   2   3   4   5
     5   2   4   1   3
 
  Latin cover
 
  Col        1       2       3       4       5
  Row
 
    1:       4       1       3       5       2
    2:       2       4       1       3       5
    3:       5       2       4       1       3
    4:       1       3       5       2       4
    5:       3       5       2       4       1
 
  Permutation 1
 
     1   2   3   4   5   6   7
     2   7   1   6   4   5   3
 
  Permutation 2
 
     1   2   3   4   5   6   7
     1   2   6   4   3   5   7
 
  Latin cover
 
  Col        1       2       3       4       5       6       7
  Row
 
    1:       3       2       6       7       5       1       4
    2:       1       7       4       5       3       6       2
    3:       7       6       3       4       2       5       1
    4:       5       4       1       2       7       3       6
    5:       6       5       2       3       1       4       7
    6:       4       3       7       1       6       2       5
    7:       2       1       5       6       4       7       3
 
  Permutation 1
 
     1   2   3   4   5   6   7
     6   2   7   5   4   1   3
 
  Permutation 2
 
     1   2   3   4   5   6   7
     6   2   3   5   7   1   4
 
  Latin cover
 
  Col        1       2       3       4       5       6       7
  Row
 
    1:       1       5       4       7       3       6       2
    2:       4       1       7       3       6       2       5
    3:       2       6       5       1       4       7       3
    4:       7       4       3       6       2       5       1
    5:       6       3       2       5       1       4       7
    6:       3       7       6       2       5       1       4
    7:       5       2       1       4       7       3       6
 
  Permutation 1
 
     1   2   3   4   5   6   7
     6   3   1   2   7   4   5
 
  Permutation 2
 
     1   2   3   4   5   6   7
     5   3   6   1   4   7   2
 
  Latin cover
 
  Col        1       2       3       4       5       6       7
  Row
 
    1:       7       4       2       6       3       1       5
    2:       1       5       3       7       4       2       6
    3:       6       3       1       5       2       7       4
    4:       3       7       5       2       6       4       1
    5:       4       1       6       3       7       5       2
    6:       5       2       7       4       1       6       3
    7:       2       6       4       1       5       3       7
 
  Permutation 1
 
     1   2   3   4   5   6   7   8   9
     2   9   8   7   4   6   5   3   1
 
  Permutation 2
 
     1   2   3   4   5   6   7   8   9
     6   2   1   3   8   9   7   4   5
 
  Latin cover
 
  Col        1       2       3       4       5       6       7       8       9
  Row
 
    1:       7       8       6       2       1       9       3       5       4
    2:       8       9       7       3       2       1       4       6       5
    3:       6       7       5       1       9       8       2       4       3
    4:       3       4       2       7       6       5       8       1       9
    5:       5       6       4       9       8       7       1       3       2
    6:       4       5       3       8       7       6       9       2       1
    7:       2       3       1       6       5       4       7       9       8
    8:       1       2       9       5       4       3       6       8       7
    9:       9       1       8       4       3       2       5       7       6
 
  Permutation 1
 
     1   2   3   4   5   6   7   8   9
     1   2   9   3   5   6   7   4   8
 
  Permutation 2
 
     1   2   3   4   5   6   7   8   9
     4   8   1   2   7   9   3   6   5
 
  Latin cover
 
  Col        1       2       3       4       5       6       7       8       9
  Row
 
    1:       8       7       4       1       2       3       6       9       5
    2:       9       8       5       2       3       4       7       1       6
    3:       2       1       7       4       5       6       9       3       8
    4:       6       5       2       8       9       1       4       7       3
    5:       3       2       8       5       6       7       1       4       9
    6:       4       3       9       6       7       8       2       5       1
    7:       5       4       1       7       8       9       3       6       2
    8:       7       6       3       9       1       2       5       8       4
    9:       1       9       6       3       4       5       8       2       7
 
  Permutation 1
 
     1   2   3   4   5   6   7   8   9
     2   8   5   3   7   4   1   6   9
 
  Permutation 2
 
     1   2   3   4   5   6   7   8   9
     7   2   5   8   9   6   3   4   1
 
  Latin cover
 
  Col        1       2       3       4       5       6       7       8       9
  Row
 
    1:       8       6       1       9       5       2       7       4       3
    2:       2       9       4       3       8       5       1       7       6
    3:       5       3       7       6       2       8       4       1       9
    4:       7       5       9       8       4       1       6       3       2
    5:       4       2       6       5       1       7       3       9       8
    6:       9       7       2       1       6       3       8       5       4
    7:       6       4       8       7       3       9       5       2       1
    8:       3       1       5       4       9       6       2       8       7
    9:       1       8       3       2       7       4       9       6       5
 
TEST03
  LATIN_COVER_3D:
 
  Permutation 1
 
     1   2   3
     1   3   2
 
  Permutation 2
 
     1   2   3
     2   1   3
 
  Permutation 3
 
     1   2   3
     1   2   3
 
  Latin cover
 
  K =        1
 
        J:       1       2       3
       I:
       1:        4       1       7
       2:        6       3       9
       3:        5       2       8
 
  K =        2
 
        J:       1       2       3
       I:
       1:        3       9       6
       2:        2       8       5
       3:        1       7       4
 
  K =        3
 
        J:       1       2       3
       I:
       1:        8       5       2
       2:        7       4       1
       3:        9       6       3
 
  Permutation 1
 
     1   2   3
     2   1   3
 
  Permutation 2
 
     1   2   3
     2   3   1
 
  Permutation 3
 
     1   2   3
     1   3   2
 
  Latin cover
 
  K =        1
 
        J:       1       2       3
       I:
       1:        8       2       5
       2:        7       1       4
       3:        9       3       6
 
  K =        2
 
        J:       1       2       3
       I:
       1:        3       6       9
       2:        2       5       8
       3:        1       4       7
 
  K =        3
 
        J:       1       2       3
       I:
       1:        4       7       1
       2:        6       9       3
       3:        5       8       2
 
  Permutation 1
 
     1   2   3
     1   2   3
 
  Permutation 2
 
     1   2   3
     3   2   1
 
  Permutation 3
 
     1   2   3
     1   3   2
 
  Latin cover
 
  K =        1
 
        J:       1       2       3
       I:
       1:        7       4       1
       2:        8       5       2
       3:        9       6       3
 
  K =        2
 
        J:       1       2       3
       I:
       1:        2       8       5
       2:        3       9       6
       3:        1       7       4
 
  K =        3
 
        J:       1       2       3
       I:
       1:        6       3       9
       2:        4       1       7
       3:        5       2       8
 
  Permutation 1
 
     1   2   3   4   5
     2   5   1   3   4
 
  Permutation 2
 
     1   2   3   4   5
     1   3   2   4   5
 
  Permutation 3
 
     1   2   3   4   5
     1   3   4   5   2
 
  Latin cover
 
  K =        1
 
        J:       1       2       3       4       5
       I:
       1:        3      13       8      18      23
       2:        1      11       6      16      21
       3:        4      14       9      19      24
       4:        5      15      10      20      25
       5:        2      12       7      17      22
 
  K =        2
 
        J:       1       2       3       4       5
       I:
       1:        9      19      14      24       4
       2:        7      17      12      22       2
       3:       10      20      15      25       5
       4:        6      16      11      21       1
       5:        8      18      13      23       3
 
  K =        3
 
        J:       1       2       3       4       5
       I:
       1:       22       7       2      12      17
       2:       25      10       5      15      20
       3:       23       8       3      13      18
       4:       24       9       4      14      19
       5:       21       6       1      11      16
 
  K =        4
 
        J:       1       2       3       4       5
       I:
       1:       16       1      21       6      11
       2:       19       4      24       9      14
       3:       17       2      22       7      12
       4:       18       3      23       8      13
       5:       20       5      25      10      15
 
  K =        5
 
        J:       1       2       3       4       5
       I:
       1:       15      25      20       5      10
       2:       13      23      18       3       8
       3:       11      21      16       1       6
       4:       12      22      17       2       7
       5:       14      24      19       4       9
 
  Permutation 1
 
     1   2   3   4   5
     1   5   4   3   2
 
  Permutation 2
 
     1   2   3   4   5
     5   1   3   4   2
 
  Permutation 3
 
     1   2   3   4   5
     5   2   4   1   3
 
  Latin cover
 
  K =        1
 
        J:       1       2       3       4       5
       I:
       1:       18       8      23       3      13
       2:       17       7      22       2      12
       3:       16       6      21       1      11
       4:       20      10      25       5      15
       5:       19       9      24       4      14
 
  K =        2
 
        J:       1       2       3       4       5
       I:
       1:        5      20      10      15      25
       2:        4      19       9      14      24
       3:        3      18       8      13      23
       4:        2      17       7      12      22
       5:        1      16       6      11      21
 
  K =        3
 
        J:       1       2       3       4       5
       I:
       1:       12       2      17      22       7
       2:       11       1      16      21       6
       3:       15       5      20      25      10
       4:       14       4      19      24       9
       5:       13       3      18      23       8
 
  K =        4
 
        J:       1       2       3       4       5
       I:
       1:       24      14       4       9      19
       2:       23      13       3       8      18
       3:       22      12       2       7      17
       4:       21      11       1       6      16
       5:       25      15       5      10      20
 
  K =        5
 
        J:       1       2       3       4       5
       I:
       1:        6      21      11      16       1
       2:       10      25      15      20       5
       3:        9      24      14      19       4
       4:        8      23      13      18       3
       5:        7      22      12      17       2
 
  Permutation 1
 
     1   2   3   4   5
     4   1   5   2   3
 
  Permutation 2
 
     1   2   3   4   5
     3   2   5   4   1
 
  Permutation 3
 
     1   2   3   4   5
     3   1   4   2   5
 
  Latin cover
 
  K =        1
 
        J:       1       2       3       4       5
       I:
       1:       16       1      21      11       6
       2:       18       3      23      13       8
       3:       19       4      24      14       9
       4:       20       5      25      15      10
       5:       17       2      22      12       7
 
  K =        2
 
        J:       1       2       3       4       5
       I:
       1:        9      19      14       4      24
       2:        6      16      11       1      21
       3:        7      17      12       2      22
       4:        8      18      13       3      23
       5:       10      20      15       5      25
 
  K =        3
 
        J:       1       2       3       4       5
       I:
       1:       22       7       2      17      12
       2:       24       9       4      19      14
       3:       25      10       5      20      15
       4:       21       6       1      16      11
       5:       23       8       3      18      13
 
  K =        4
 
        J:       1       2       3       4       5
       I:
       1:       15      25      20      10       5
       2:       12      22      17       7       2
       3:       13      23      18       8       3
       4:       14      24      19       9       4
       5:       11      21      16       6       1
 
  K =        5
 
        J:       1       2       3       4       5
       I:
       1:        3      13       8      23      18
       2:        5      15      10      25      20
       3:        1      11       6      21      16
       4:        2      12       7      22      17
       5:        4      14       9      24      19
 
  Permutation 1
 
     1   2   3   4   5   6   7
     2   7   1   6   4   5   3
 
  Permutation 2
 
     1   2   3   4   5   6   7
     1   2   6   4   3   5   7
 
  Permutation 3
 
     1   2   3   4   5   6   7
     6   2   7   5   4   1   3
 
  Latin cover
 
  K =        1
 
        J:       1       2       3       4       5       6       7
       I:
       1:       19      26      47      40       5      33      12
       2:       17      24      45      38       3      31      10
       3:       16      23      44      37       2      30       9
       4:       21      28      49      42       7      35      14
       5:       15      22      43      36       1      29       8
       6:       20      27      48      41       6      34      13
       7:       18      25      46      39       4      32      11
 
  K =        2
 
        J:       1       2       3       4       5       6       7
       I:
       1:       44       2      23      16      30       9      37
       2:       49       7      28      21      35      14      42
       3:       48       6      27      20      34      13      41
       4:       46       4      25      18      32      11      39
       5:       47       5      26      19      33      12      40
       6:       45       3      24      17      31      10      38
       7:       43       1      22      15      29       8      36
 
  K =        3
 
        J:       1       2       3       4       5       6       7
       I:
       1:       11      18      39      32      46      25       4
       2:        9      16      37      30      44      23       2
       3:        8      15      36      29      43      22       1
       4:       13      20      41      34      48      27       6
       5:       14      21      42      35      49      28       7
       6:       12      19      40      33      47      26       5
       7:       10      17      38      31      45      24       3
 
  K =        4
 
        J:       1       2       3       4       5       6       7
       I:
       1:       27      34       6      48      13      41      20
       2:       25      32       4      46      11      39      18
       3:       24      31       3      45      10      38      17
       4:       22      29       1      43       8      36      15
       5:       23      30       2      44       9      37      16
       6:       28      35       7      49      14      42      21
       7:       26      33       5      47      12      40      19
 
  K =        5
 
        J:       1       2       3       4       5       6       7
       I:
       1:       35      42      14       7      21      49      28
       2:       33      40      12       5      19      47      26
       3:       32      39      11       4      18      46      25
       4:       30      37       9       2      16      44      23
       5:       31      38      10       3      17      45      24
       6:       29      36       8       1      15      43      22
       7:       34      41      13       6      20      48      27
 
  K =        6
 
        J:       1       2       3       4       5       6       7
       I:
       1:        3      10      31      24      38      17      45
       2:        1       8      29      22      36      15      43
       3:        7      14      35      28      42      21      49
       4:        5      12      33      26      40      19      47
       5:        6      13      34      27      41      20      48
       6:        4      11      32      25      39      18      46
       7:        2       9      30      23      37      16      44
 
  K =        7
 
        J:       1       2       3       4       5       6       7
       I:
       1:       36      43      15       8      22       1      29
       2:       41      48      20      13      27       6      34
       3:       40      47      19      12      26       5      33
       4:       38      45      17      10      24       3      31
       5:       39      46      18      11      25       4      32
       6:       37      44      16       9      23       2      30
       7:       42      49      21      14      28       7      35
 
  Permutation 1
 
     1   2   3   4   5   6   7
     6   2   3   5   7   1   4
 
  Permutation 2
 
     1   2   3   4   5   6   7
     6   3   1   2   7   4   5
 
  Permutation 3
 
     1   2   3   4   5   6   7
     5   3   6   1   4   7   2
 
  Latin cover
 
  K =        1
 
        J:       1       2       3       4       5       6       7
       I:
       1:       45       3      38      17      24      31      10
       2:       48       6      41      20      27      34      13
       3:       49       7      42      21      28      35      14
       4:       46       4      39      18      25      32      11
       5:       43       1      36      15      22      29       8
       6:       47       5      40      19      26      33      12
       7:       44       2      37      16      23      30       9
 
  K =        2
 
        J:       1       2       3       4       5       6       7
       I:
       1:       28      35      21      49       7      14      42
       2:       24      31      17      45       3      10      38
       3:       25      32      18      46       4      11      39
       4:       22      29      15      43       1       8      36
       5:       26      33      19      47       5      12      40
       6:       23      30      16      44       2       9      37
       7:       27      34      20      48       6      13      41
 
  K =        3
 
        J:       1       2       3       4       5       6       7
       I:
       1:       12      19       5      33      40      47      26
       2:        8      15       1      29      36      43      22
       3:        9      16       2      30      37      44      23
       4:       13      20       6      34      41      48      27
       5:       10      17       3      31      38      45      24
       6:       14      21       7      35      42      49      28
       7:       11      18       4      32      39      46      25
 
  K =        4
 
        J:       1       2       3       4       5       6       7
       I:
       1:       37      44      30       9      16      23       2
       2:       40      47      33      12      19      26       5
       3:       41      48      34      13      20      27       6
       4:       38      45      31      10      17      24       3
       5:       42      49      35      14      21      28       7
       6:       39      46      32      11      18      25       4
       7:       36      43      29       8      15      22       1
 
  K =        5
 
        J:       1       2       3       4       5       6       7
       I:
       1:       20      27      13      41      48       6      34
       2:       16      23       9      37      44       2      30
       3:       17      24      10      38      45       3      31
       4:       21      28      14      42      49       7      35
       5:       18      25      11      39      46       4      32
       6:       15      22       8      36      43       1      29
       7:       19      26      12      40      47       5      33
 
  K =        6
 
        J:       1       2       3       4       5       6       7
       I:
       1:        4      11      46      25      32      39      18
       2:        7      14      49      28      35      42      21
       3:        1       8      43      22      29      36      15
       4:        5      12      47      26      33      40      19
       5:        2       9      44      23      30      37      16
       6:        6      13      48      27      34      41      20
       7:        3      10      45      24      31      38      17
 
  K =        7
 
        J:       1       2       3       4       5       6       7
       I:
       1:       29      36      22       1       8      15      43
       2:       32      39      25       4      11      18      46
       3:       33      40      26       5      12      19      47
       4:       30      37      23       2       9      16      44
       5:       34      41      27       6      13      20      48
       6:       31      38      24       3      10      17      45
       7:       35      42      28       7      14      21      49
 
  Permutation 1
 
     1   2   3   4   5   6   7
     5   4   2   6   1   3   7
 
  Permutation 2
 
     1   2   3   4   5   6   7
     6   2   1   4   7   5   3
 
  Permutation 3
 
     1   2   3   4   5   6   7
     7   6   2   5   1   4   3
 
  Latin cover
 
  K =        1
 
        J:       1       2       3       4       5       6       7
       I:
       1:       36      29      15      43       8      22       1
       2:       41      34      20      48      13      27       6
       3:       37      30      16      44       9      23       2
       4:       40      33      19      47      12      26       5
       5:       39      32      18      46      11      25       4
       6:       42      35      21      49      14      28       7
       7:       38      31      17      45      10      24       3
 
  K =        2
 
        J:       1       2       3       4       5       6       7
       I:
       1:        3      45      31      10      24      38      17
       2:        1      43      29       8      22      36      15
       3:        4      46      32      11      25      39      18
       4:        7      49      35      14      28      42      21
       5:        6      48      34      13      27      41      20
       6:        2      44      30       9      23      37      16
       7:        5      47      33      12      26      40      19
 
  K =        3
 
        J:       1       2       3       4       5       6       7
       I:
       1:       27      20       6      34      48      13      41
       2:       25      18       4      32      46      11      39
       3:       28      21       7      35      49      14      42
       4:       24      17       3      31      45      10      38
       5:       23      16       2      30      44       9      37
       6:       26      19       5      33      47      12      40
       7:       22      15       1      29      43       8      36
 
  K =        4
 
        J:       1       2       3       4       5       6       7
       I:
       1:       35      28      14      42       7      21      49
       2:       33      26      12      40       5      19      47
       3:       29      22       8      36       1      15      43
       4:       32      25      11      39       4      18      46
       5:       31      24      10      38       3      17      45
       6:       34      27      13      41       6      20      48
       7:       30      23       9      37       2      16      44
 
  K =        5
 
        J:       1       2       3       4       5       6       7
       I:
       1:       44      37      23       2      16      30       9
       2:       49      42      28       7      21      35      14
       3:       45      38      24       3      17      31      10
       4:       48      41      27       6      20      34      13
       5:       47      40      26       5      19      33      12
       6:       43      36      22       1      15      29       8
       7:       46      39      25       4      18      32      11
 
  K =        6
 
        J:       1       2       3       4       5       6       7
       I:
       1:       11       4      39      18      32      46      25
       2:        9       2      37      16      30      44      23
       3:       12       5      40      19      33      47      26
       4:        8       1      36      15      29      43      22
       5:       14       7      42      21      35      49      28
       6:       10       3      38      17      31      45      24
       7:       13       6      41      20      34      48      27
 
  K =        7
 
        J:       1       2       3       4       5       6       7
       I:
       1:       19      12      47      26      40       5      33
       2:       17      10      45      24      38       3      31
       3:       20      13      48      27      41       6      34
       4:       16       9      44      23      37       2      30
       5:       15       8      43      22      36       1      29
       6:       18      11      46      25      39       4      32
       7:       21      14      49      28      42       7      35
 
  Permutation 1
 
     1   2   3   4   5   6   7   8   9
     2   9   8   7   4   6   5   3   1
 
  Permutation 2
 
     1   2   3   4   5   6   7   8   9
     6   2   1   3   8   9   7   4   5
 
  Permutation 3
 
     1   2   3   4   5   6   7   8   9
     1   2   9   3   5   6   7   4   8
 
  Latin cover
 
  K =        1
 
        J:       1       2       3       4       5       6       7       8       9
       I:
       1:       27      18      36      72      81       9      63      45      54
       2:       19      10      28      64      73       1      55      37      46
       3:       26      17      35      71      80       8      62      44      53
       4:       23      14      32      68      77       5      59      41      50
       5:       25      16      34      70      79       7      61      43      52
       6:       24      15      33      69      78       6      60      42      51
       7:       22      13      31      67      76       4      58      40      49
       8:       21      12      30      66      75       3      57      39      48
       9:       20      11      29      65      74       2      56      38      47
 
  K =        2
 
        J:       1       2       3       4       5       6       7       8       9
       I:
       1:       17       8      26      62      71      80      53      35      44
       2:       18       9      27      63      72      81      54      36      45
       3:       16       7      25      61      70      79      52      34      43
       4:       13       4      22      58      67      76      49      31      40
       5:       15       6      24      60      69      78      51      33      42
       6:       14       5      23      59      68      77      50      32      41
       7:       12       3      21      57      66      75      48      30      39
       8:       11       2      20      56      65      74      47      29      38
       9:       10       1      19      55      64      73      46      28      37
 
  K =        3
 
        J:       1       2       3       4       5       6       7       8       9
       I:
       1:       78      69       6      42      51      60      33      15      24
       2:       79      70       7      43      52      61      34      16      25
       3:       77      68       5      41      50      59      32      14      23
       4:       74      65       2      38      47      56      29      11      20
       5:       76      67       4      40      49      58      31      13      22
       6:       75      66       3      39      48      57      30      12      21
       7:       73      64       1      37      46      55      28      10      19
       8:       81      72       9      45      54      63      36      18      27
       9:       80      71       8      44      53      62      35      17      26
 
  K =        4
 
        J:       1       2       3       4       5       6       7       8       9
       I:
       1:       38      29      47       2      11      20      74      56      65
       2:       39      30      48       3      12      21      75      57      66
       3:       37      28      46       1      10      19      73      55      64
       4:       43      34      52       7      16      25      79      61      70
       5:       45      36      54       9      18      27      81      63      72
       6:       44      35      53       8      17      26      80      62      71
       7:       42      33      51       6      15      24      78      60      69
       8:       41      32      50       5      14      23      77      59      68
       9:       40      31      49       4      13      22      76      58      67
 
  K =        5
 
        J:       1       2       3       4       5       6       7       8       9
       I:
       1:       68      59      77      32      41      50      23       5      14
       2:       69      60      78      33      42      51      24       6      15
       3:       67      58      76      31      40      49      22       4      13
       4:       64      55      73      28      37      46      19       1      10
       5:       66      57      75      30      39      48      21       3      12
       6:       65      56      74      29      38      47      20       2      11
       7:       72      63      81      36      45      54      27       9      18
       8:       71      62      80      35      44      53      26       8      17
       9:       70      61      79      34      43      52      25       7      16
 
  K =        6
 
        J:       1       2       3       4       5       6       7       8       9
       I:
       1:       58      49      67      22      31      40      13      76       4
       2:       59      50      68      23      32      41      14      77       5
       3:       57      48      66      21      30      39      12      75       3
       4:       63      54      72      27      36      45      18      81       9
       5:       56      47      65      20      29      38      11      74       2
       6:       55      46      64      19      28      37      10      73       1
       7:       62      53      71      26      35      44      17      80       8
       8:       61      52      70      25      34      43      16      79       7
       9:       60      51      69      24      33      42      15      78       6
 
  K =        7
 
        J:       1       2       3       4       5       6       7       8       9
       I:
       1:       48      39      57      12      21      30       3      66      75
       2:       49      40      58      13      22      31       4      67      76
       3:       47      38      56      11      20      29       2      65      74
       4:       53      44      62      17      26      35       8      71      80
       5:       46      37      55      10      19      28       1      64      73
