   0.803546D+00  -0.676094D-01   0.102292D+00
  -0.676094D-01   0.586124D+00  -0.159726D+00
   0.102292D+00  -0.159726D+00   0.193290D+01
   0.752157D+00  -0.846434D-01   0.362026D+00
  -0.846434D-01   0.855302D+00  -0.231817D+00
   0.362026D+00  -0.231817D+00   0.138788D+01
   0.957429D+00  -0.281390D-01   0.286030D+00
  -0.281390D-01   0.899570D+00   0.970013D-01
   0.286030D+00   0.970013D-01   0.104383D+01
   0.941728D+00  -0.118750D+00   0.116241D+00
  -0.118750D+00   0.111166D+01   0.675279D-01
   0.116241D+00   0.675279D-01   0.508656D+00
   0.142755D+01  -0.313385D-01   0.118457D+00
  -0.313385D-01   0.105744D+01  -0.210053D-01
   0.118457D+00  -0.210053D-01   0.508559D+00
   0.705339D+00   0.418262D-01   0.183167D+00
   0.418262D-01   0.863043D+00  -0.139763D+00
   0.183167D+00  -0.139763D+00   0.135036D+01
   0.779739D+00   0.533843D-01   0.297801D+00
   0.533843D-01   0.901031D+00  -0.139731D+00
   0.297801D+00  -0.139731D+00   0.147040D+01
   0.979313D+00   0.157881D-01  -0.130909D+00
   0.157881D-01   0.648368D+00  -0.264041D+00
  -0.130909D+00  -0.264041D+00   0.184624D+01
   0.111553D+01  -0.757441D-01  -0.265363D-01
  -0.757441D-01   0.928549D+00  -0.823461D-01
  -0.265363D-01  -0.823461D-01   0.596462D+00
   0.115060D+01  -0.709435D-01   0.297693D-01
  -0.709435D-01   0.117972D+01  -0.519440D-01
   0.297693D-01  -0.519440D-01   0.482749D+00
   0.884878D+00   0.361403D+00   0.329114D+00
   0.361403D+00   0.999783D+00   0.173348D+00
   0.329114D+00   0.173348D+00   0.110034D+01
   0.103473D+01  -0.242196D+00  -0.652522D-01
  -0.242196D+00   0.111020D+01  -0.246460D-01
  -0.652522D-01  -0.246460D-01   0.546754D+00
   0.127137D+01   0.644997D-02   0.142136D+00
   0.644997D-02   0.739343D+00  -0.478663D-01
   0.142136D+00  -0.478663D-01   0.650539D+00
   0.111478D+01  -0.171795D-01   0.104658D+00
  -0.171795D-01   0.799857D+00   0.109018D+00
   0.104658D+00   0.109018D+00   0.782747D+00
   0.833575D+00  -0.193570D-01   0.483870D-01
  -0.193570D-01   0.933905D+00  -0.878146D-01
   0.483870D-01  -0.878146D-01   0.553450D+00
   0.959982D+00  -0.129036D+00   0.144336D-01
  -0.129036D+00   0.103282D+01  -0.888929D-01
   0.144336D-01  -0.888929D-01   0.667055D+00
   0.995791D+00   0.630477D-01   0.419783D-01
   0.630477D-01   0.812646D+00  -0.919081D-01
   0.419783D-01  -0.919081D-01   0.204853D+01
   0.119494D+01  -0.144136D+00  -0.344434D-01
  -0.144136D+00   0.110488D+01  -0.655477D-01
  -0.344434D-01  -0.655477D-01   0.626855D+00
   0.754145D+00  -0.220387D+00  -0.243433D+00
  -0.220387D+00   0.761717D+00   0.898273D-01
  -0.243433D+00   0.898273D-01   0.145904D+01
   0.107673D+01   0.176067D+00   0.111700D-01
   0.176067D+00   0.861245D+00  -0.784050D-01
   0.111700D-01  -0.784050D-01   0.547717D+00
   0.867806D+00   0.804308D-01   0.383845D-01
   0.804308D-01   0.777666D+00   0.162981D-01
   0.383845D-01   0.162981D-01   0.573738D+00
   0.526897D+00   0.220928D+00   0.218341D+00
   0.220928D+00   0.675828D+00   0.324976D+00
   0.218341D+00   0.324976D+00   0.152825D+01
   0.759558D+00   0.402271D+00  -0.189642D+00
   0.402271D+00   0.160373D+01   0.561696D-01
  -0.189642D+00   0.561696D-01   0.182936D+01
   0.795917D+00   0.499977D-01  -0.280828D+00
   0.499977D-01   0.835512D+00  -0.119536D+00
  -0.280828D+00  -0.119536D+00   0.178727D+01
   0.822592D+00   0.424296D-01   0.208335D-01
   0.424296D-01   0.111900D+01  -0.512309D-01
   0.208335D-01  -0.512309D-01   0.467782D+00
   0.852103D+00   0.299655D-01   0.661790D-01
   0.299655D-01   0.979692D+00   0.681787D-01
   0.661790D-01   0.681787D-01   0.609629D+00
   0.121682D+01   0.921120D-01   0.981108D-01
   0.921120D-01   0.103805D+01  -0.293573D-02
   0.981108D-01  -0.293573D-02   0.622467D+00
   0.847602D+00   0.954092D-01   0.245721D-01
   0.954092D-01   0.873813D+00  -0.103963D+00
   0.245721D-01  -0.103963D+00   0.611898D+00
   0.621110D+00   0.806608D-01   0.323294D-02
   0.806608D-01   0.864580D+00   0.245084D-01
   0.323294D-02   0.245084D-01   0.701788D+00
   0.998981D+00   0.170043D+00   0.256002D+00
   0.170043D+00   0.842755D+00  -0.140011D+00
   0.256002D+00  -0.140011D+00   0.107911D+01
   0.118819D+01  -0.489489D-01  -0.130354D-01
  -0.489489D-01   0.841359D+00   0.440087D-01
  -0.130354D-01   0.440087D-01   0.552466D+00
   0.933313D+00  -0.882824D-01  -0.185826D-01
  -0.882824D-01   0.972525D+00  -0.349762D-01
  -0.185826D-01  -0.349762D-01   0.534136D+00
   0.100595D+01   0.199857D+00   0.177262D-01
   0.199857D+00   0.887093D+00  -0.325788D-02
   0.177262D-01  -0.325788D-02   0.563558D+00
   0.880317D+00   0.103775D+00  -0.333001D+00
   0.103775D+00   0.870106D+00  -0.258356D+00
  -0.333001D+00  -0.258356D+00   0.177383D+01
   0.669687D+00   0.152086D+00   0.176149D-01
   0.152086D+00   0.686574D+00  -0.117472D+00
   0.176149D-01  -0.117472D+00   0.128396D+01
   0.630551D+00   0.133427D+00  -0.461418D-01
   0.133427D+00   0.104872D+01   0.225716D-01
  -0.461418D-01   0.225716D-01   0.593828D+00
   0.824830D+00   0.215329D-01   0.180495D+00
   0.215329D-01   0.851066D+00   0.304609D+00
   0.180495D+00   0.304609D+00   0.150180D+01
   0.104108D+01  -0.851992D-01  -0.997807D-01
  -0.851992D-01   0.953665D+00   0.155881D+00
  -0.997807D-01   0.155881D+00   0.869853D+00
   0.764718D+00   0.191124D+00   0.958416D-01
   0.191124D+00   0.120991D+01  -0.102306D+00
   0.958416D-01  -0.102306D+00   0.526327D+00
   0.904406D+00  -0.578899D-01   0.449977D-01
  -0.578899D-01   0.786191D+00  -0.186457D-01
   0.449977D-01  -0.186457D-01   0.496931D+00
   0.872548D+00  -0.417435D-02  -0.151031D+00
  -0.417435D-02   0.981863D+00   0.235440D+00
  -0.151031D+00   0.235440D+00   0.126715D+01
   0.620330D+00  -0.353996D-01   0.495341D-01
  -0.353996D-01   0.107573D+01  -0.147751D-01
   0.495341D-01  -0.147751D-01   0.673536D+00
   0.116314D+01  -0.376539D+00   0.862225D-01
  -0.376539D+00   0.106357D+01  -0.625412D-01
   0.862225D-01  -0.625412D-01   0.642607D+00
   0.110587D+01  -0.314615D-01  -0.489517D-01
  -0.314615D-01   0.112082D+01  -0.460484D-01
  -0.489517D-01  -0.460484D-01   0.502069D+00
   0.946952D+00   0.349106D+00  -0.492461D-01
   0.349106D+00   0.102999D+01  -0.325481D+00
  -0.492461D-01  -0.325481D+00   0.104040D+01
   0.871123D+00  -0.139518D+00   0.538048D-01
  -0.139518D+00   0.825210D+00  -0.377460D-01
   0.538048D-01  -0.377460D-01   0.698672D+00
   0.789200D+00   0.182302D+00  -0.692598D-01
   0.182302D+00   0.855972D+00   0.835029D-01
  -0.692598D-01   0.835029D-01   0.156656D+01
   0.692382D+00  -0.435825D-01   0.104395D+00
  -0.435825D-01   0.102291D+01   0.695744D-02
   0.104395D+00   0.695744D-02   0.806417D+00
   0.560145D+00   0.126920D+00   0.769144D-02
   0.126920D+00   0.857401D+00   0.115446D+00
   0.769144D-02   0.115446D+00   0.182514D+01
   0.929009D+00  -0.116784D-01  -0.174344D-01
  -0.116784D-01   0.109815D+01  -0.304383D-01
  -0.174344D-01  -0.304383D-01   0.579506D+00
   0.101417D+01  -0.762083D-01   0.390076D-01
  -0.762083D-01   0.845081D+00  -0.137134D+00
   0.390076D-01  -0.137134D+00   0.558938D+00
   0.639069D+00  -0.199912D-01  -0.274508D-01
  -0.199912D-01   0.550406D+00   0.168170D-01
  -0.274508D-01   0.168170D-01   0.144515D+01
   0.868241D+00   0.217618D+00  -0.321893D-01
   0.217618D+00   0.618910D+00  -0.171057D+00
  -0.321893D-01  -0.171057D+00   0.187612D+01
   0.835035D+00   0.843835D-01   0.170449D-01
   0.843835D-01   0.823435D+00   0.343134D-01
   0.170449D-01   0.343134D-01   0.654542D+00
   0.821869D+00   0.166439D+00  -0.133350D+00
   0.166439D+00   0.110577D+01   0.645980D-01
  -0.133350D+00   0.645980D-01   0.597976D+00
   0.986620D+00   0.188639D+00   0.155867D-01
   0.188639D+00   0.703892D+00   0.351033D-01
   0.155867D-01   0.351033D-01   0.628659D+00
   0.924830D+00  -0.155555D+00   0.169251D-02
  -0.155555D+00   0.104691D+01   0.277795D-01
   0.169251D-02   0.277795D-01   0.530608D+00
   0.837592D+00  -0.158374D-01   0.620636D-01
  -0.158374D-01   0.125462D+01  -0.747126D-01
   0.620636D-01  -0.747126D-01   0.498309D+00
   0.114261D+01   0.148756D+00  -0.121004D+00
   0.148756D+00   0.773922D+00  -0.140597D-02
  -0.121004D+00  -0.140597D-02   0.564320D+00
   0.878769D+00   0.106477D+00  -0.107533D-01
   0.106477D+00   0.642491D+00  -0.326787D-01
  -0.107533D-01  -0.326787D-01   0.178450D+01
   0.996762D+00   0.123037D+00   0.145571D+00
   0.123037D+00   0.652232D+00  -0.271636D-01
   0.145571D+00  -0.271636D-01   0.621867D+00
   0.828031D+00   0.258877D+00   0.130205D+00
   0.258877D+00   0.529218D+00   0.145983D+00
   0.130205D+00   0.145983D+00   0.152852D+01
   0.923854D+00   0.985418D-01  -0.112638D-01
   0.985418D-01   0.920732D+00   0.778223D-01
  -0.112638D-01   0.778223D-01   0.630719D+00
   0.114811D+01   0.200423D-02  -0.381882D-01
   0.200423D-02   0.867596D+00  -0.606532D-02
  -0.381882D-01  -0.606532D-02   0.558980D+00
   0.906731D+00  -0.209300D-01   0.179833D+00
  -0.209300D-01   0.893795D+00  -0.235118D+00
   0.179833D+00  -0.235118D+00   0.157764D+01
   0.955751D+00   0.196275D-01  -0.983200D-01
   0.196275D-01   0.101790D+01   0.334964D-01
  -0.983200D-01   0.334964D-01   0.680863D+00
   0.887897D+00   0.832869D-01  -0.472073D-01
   0.832869D-01   0.735981D+00  -0.345893D-01
  -0.472073D-01  -0.345893D-01   0.728286D+00
   0.101592D+01   0.215769D+00  -0.288127D-01
   0.215769D+00   0.122693D+01   0.109472D-01
  -0.288127D-01   0.109472D-01   0.484035D+00
   0.822206D+00   0.534825D-01   0.969056D-01
   0.534825D-01   0.105891D+01   0.369491D+00
   0.969056D-01   0.369491D+00   0.152631D+01
   0.105229D+01   0.301903D-01   0.171776D-01
   0.301903D-01   0.768227D+00  -0.315724D-01
   0.171776D-01  -0.315724D-01   0.706054D+00
   0.103575D+01  -0.106274D+00  -0.588798D-01
  -0.106274D+00   0.918819D+00   0.454082D-01
  -0.588798D-01   0.454082D-01   0.955860D+00
   0.791594D+00   0.731467D-01   0.514565D-02
   0.731467D-01   0.713328D+00  -0.191469D+00
   0.514565D-02  -0.191469D+00   0.128797D+01
   0.111639D+01   0.209349D+00   0.115743D-01
   0.209349D+00   0.124396D+01  -0.406262D-01
   0.115743D-01  -0.406262D-01   0.436546D+00
   0.114977D+01   0.248803D+00  -0.148622D+00
   0.248803D+00   0.581567D+00  -0.199855D+00
  -0.148622D+00  -0.199855D+00   0.100835D+01
   0.122337D+01  -0.216224D+00   0.284590D-01
  -0.216224D+00   0.133142D+01  -0.690327D-01
   0.284590D-01  -0.690327D-01   0.470359D+00
   0.113413D+01   0.989723D-01  -0.629453D-01
   0.989723D-01   0.819747D+00  -0.577451D-02
  -0.629453D-01  -0.577451D-02   0.708741D+00
   0.893585D+00   0.169425D+00   0.729243D-01
   0.169425D+00   0.777156D+00   0.741132D-01
   0.729243D-01   0.741132D-01   0.559837D+00
   0.932798D+00   0.114891D+00  -0.385096D-01
   0.114891D+00   0.711500D+00  -0.852949D-01
  -0.385096D-01  -0.852949D-01   0.884402D+00
   0.829155D+00  -0.152182D+00   0.387461D+00
  -0.152182D+00   0.770030D+00  -0.101512D+00
   0.387461D+00  -0.101512D+00   0.158287D+01
   0.982108D+00   0.489191D-01   0.976299D-02
   0.489191D-01   0.120430D+01   0.159176D-01
   0.976299D-02   0.159176D-01   0.551327D+00
   0.704282D+00   0.635959D-01   0.119993D-02
   0.635959D-01   0.144177D+01   0.108993D+00
   0.119993D-02   0.108993D+00   0.659463D+00
   0.425323D+00   0.830956D-01   0.165857D+00
   0.830956D-01   0.145145D+01   0.414222D-01
   0.165857D+00   0.414222D-01   0.117610D+01
   0.817056D+00   0.177602D+00  -0.317165D+00
   0.177602D+00   0.116810D+01  -0.164191D+00
  -0.317165D+00  -0.164191D+00   0.116257D+01
   0.887221D+00   0.688046D-01  -0.145864D+00
   0.688046D-01   0.900307D+00  -0.290913D+00
  -0.145864D+00  -0.290913D+00   0.175405D+01
   0.768724D+00  -0.629487D-01   0.160552D-01
  -0.629487D-01   0.106489D+01  -0.483159D-02
   0.160552D-01  -0.483159D-02   0.586640D+00
   0.894107D+00  -0.135211D+00  -0.697280D-01
  -0.135211D+00   0.103724D+01   0.126385D+00
  -0.697280D-01   0.126385D+00   0.683599D+00
   0.897312D+00   0.759448D-01  -0.284120D+00
   0.759448D-01   0.923601D+00  -0.585725D-01
  -0.284120D+00  -0.585725D-01   0.107227D+01
   0.869998D+00  -0.728954D-01   0.165947D-01
  -0.728954D-01   0.875175D+00   0.289835D-01
   0.165947D-01   0.289835D-01   0.558337D+00
   0.955365D+00  -0.529894D-01  -0.359164D-01
  -0.529894D-01   0.997956D+00   0.489901D-01
  -0.359164D-01   0.489901D-01   0.541477D+00
   0.862476D+00   0.574066D-01  -0.146960D-01
   0.574066D-01   0.889468D+00   0.782783D-01
  -0.146960D-01   0.782783D-01   0.705541D+00
   0.939158D+00  -0.278108D+00  -0.146951D+00
  -0.278108D+00   0.145876D+01   0.209039D+00
  -0.146951D+00   0.209039D+00   0.785016D+00
   0.949352D+00  -0.118872D-02  -0.352669D+00
  -0.118872D-02   0.108966D+01  -0.925761D-01
  -0.352669D+00  -0.925761D-01   0.115014D+01
   0.861076D+00   0.674493D-01  -0.373963D+00
   0.674493D-01   0.114819D+01  -0.905173D-01
  -0.373963D+00  -0.905173D-01   0.124741D+01
   0.998884D+00  -0.732801D-01   0.383766D-01
  -0.732801D-01   0.139773D+01   0.734071D+00
   0.383766D-01   0.734071D+00   0.191639D+01
   0.915290D+00  -0.333378D-01   0.355290D+00
  -0.333378D-01   0.882184D+00  -0.251050D+00
   0.355290D+00  -0.251050D+00   0.174649D+01
   0.100110D+01  -0.380257D-01   0.340807D+00
  -0.380257D-01   0.917961D+00  -0.151342D+00
   0.340807D+00  -0.151342D+00   0.102653D+01
   0.970895D+00  -0.317223D-01   0.172309D+00
  -0.317223D-01   0.954554D+00   0.100030D+00
   0.172309D+00   0.100030D+00   0.778158D+00
   0.947037D+00   0.685933D-01  -0.262507D+00
   0.685933D-01   0.892286D+00   0.376471D-01
  -0.262507D+00   0.376471D-01   0.963414D+00
   0.952762D+00  -0.460481D-01  -0.437062D+00
  -0.460481D-01   0.153811D+01  -0.917999D-01
  -0.437062D+00  -0.917999D-01   0.122507D+01
   0.923242D+00   0.139735D+00   0.769745D-01
   0.139735D+00   0.772163D+00   0.720120D-01
   0.769745D-01   0.720120D-01   0.657347D+00
   0.624810D+00   0.746962D-01  -0.347468D-01
   0.746962D-01   0.112342D+01   0.298346D-01
  -0.347468D-01   0.298346D-01   0.615967D+00
   0.945894D+00  -0.164181D-01   0.801675D-01
  -0.164181D-01   0.973418D+00   0.183088D+00
   0.801675D-01   0.183088D+00   0.658115D+00
   0.107704D+01  -0.322231D-01  -0.730879D-01
  -0.322231D-01   0.140551D+01   0.943667D-01
  -0.730879D-01   0.943667D-01   0.441681D+00
   0.123063D+01  -0.190525D+00  -0.135099D-01
  -0.190525D+00   0.996082D+00   0.623932D-01
  -0.135099D-01   0.623932D-01   0.502454D+00
   0.954742D+00  -0.286411D+00   0.409623D-01
  -0.286411D+00   0.978464D+00  -0.965260D-01
   0.409623D-01  -0.965260D-01   0.649446D+00
   0.126584D+01  -0.599639D-01  -0.389550D-01
  -0.599639D-01   0.836587D+00  -0.300809D-01
  -0.389550D-01  -0.300809D-01   0.527406D+00
   0.124124D+01   0.712878D-01  -0.571512D-01
   0.712878D-01   0.109885D+01  -0.100155D+00
  -0.571512D-01  -0.100155D+00   0.541256D+00
   0.965660D+00  -0.121205D+00   0.159847D+00
  -0.121205D+00   0.973590D+00   0.147463D+00
   0.159847D+00   0.147463D+00   0.927727D+00
   0.901268D+00  -0.279037D-01  -0.242581D-02
  -0.279037D-01   0.838388D+00  -0.466123D-01
  -0.242581D-02  -0.466123D-01   0.441929D+00
   0.117334D+01   0.403523D-01  -0.104026D-01
   0.403523D-01   0.817514D+00  -0.319738D-01
  -0.104026D-01  -0.319738D-01   0.510792D+00
   0.112285D+01  -0.324211D+00  -0.181412D+00
  -0.324211D+00   0.101759D+01  -0.429899D-01
  -0.181412D+00  -0.429899D-01   0.724922D+00
   0.139740D+01   0.196630D+00  -0.185032D+00
   0.196630D+00   0.646183D+00  -0.208328D+00
  -0.185032D+00  -0.208328D+00   0.852166D+00
   0.821266D+00   0.132542D+00   0.126732D+00
   0.132542D+00   0.818114D+00  -0.474695D-01
   0.126732D+00  -0.474695D-01   0.747019D+00
   0.971239D+00   0.113231D+00  -0.425372D-01
   0.113231D+00   0.123047D+01   0.115535D+00
  -0.425372D-01   0.115535D+00   0.565237D+00
   0.901193D+00  -0.221589D-01  -0.130844D-01
  -0.221589D-01   0.919710D+00   0.347263D-01
  -0.130844D-01   0.347263D-01   0.697485D+00
   0.906172D+00  -0.133656D+00  -0.441069D-01
  -0.133656D+00   0.829589D+00  -0.286327D-01
  -0.441069D-01  -0.286327D-01   0.592679D+00
   0.919508D+00   0.617381D-02  -0.522571D-01
   0.617381D-02   0.863072D+00  -0.396860D-01
  -0.522571D-01  -0.396860D-01   0.670668D+00
   0.938966D+00   0.506990D-01  -0.124432D+00
   0.506990D-01   0.703973D+00   0.473247D+00
  -0.124432D+00   0.473247D+00   0.176514D+01
   0.915329D+00  -0.467251D-01   0.654800D-01
  -0.467251D-01   0.105019D+01  -0.372223D-01
   0.654800D-01  -0.372223D-01   0.627397D+00
   0.790789D+00  -0.342143D-01  -0.110330D-01
  -0.342143D-01   0.942944D+00   0.335959D-03
  -0.110330D-01   0.335959D-03   0.724654D+00
   0.815037D+00  -0.860920D-01   0.223729D+00
  -0.860920D-01   0.806966D+00   0.160914D+00
   0.223729D+00   0.160914D+00   0.149550D+01
   0.716325D+00  -0.239828D-01   0.123931D+00
  -0.239828D-01   0.105476D+01   0.509481D-01
   0.123931D+00   0.509481D-01   0.785956D+00
   0.108914D+01  -0.108816D+00  -0.701162D-02
  -0.108816D+00   0.771215D+00  -0.466641D-03
  -0.701162D-02  -0.466641D-03   0.570633D+00
   0.740679D+00  -0.192092D+00  -0.424285D-02
  -0.192092D+00   0.926110D+00  -0.312862D-01
  -0.424285D-02  -0.312862D-01   0.572588D+00
   0.900226D+00   0.101292D+00   0.291620D+00
   0.101292D+00   0.637337D+00   0.422947D-01
   0.291620D+00   0.422947D-01   0.161596D+01
   0.113130D+01  -0.534870D-02  -0.217527D-01
  -0.534870D-02   0.795984D+00  -0.133377D+00
  -0.217527D-01  -0.133377D+00   0.692041D+00
   0.746680D+00   0.131081D-01  -0.348382D+00
   0.131081D-01   0.874697D+00  -0.563766D-01
  -0.348382D+00  -0.563766D-01   0.161642D+01
   0.751112D+00   0.434675D-01   0.501554D-01
   0.434675D-01   0.634247D+00   0.121927D+00
   0.501554D-01   0.121927D+00   0.733882D+00
   0.112151D+01  -0.148602D+00   0.870616D+00
  -0.148602D+00   0.622354D+00  -0.162963D+00
   0.870616D+00  -0.162963D+00   0.183204D+01
   0.683676D+00   0.362977D-01  -0.222918D+00
   0.362977D-01   0.753160D+00   0.968715D-01
  -0.222918D+00   0.968715D-01   0.140110D+01
   0.150410D+01   0.142106D+00   0.171820D-01
   0.142106D+00   0.100830D+01   0.159195D-01
   0.171820D-01   0.159195D-01   0.548605D+00
   0.865685D+00   0.150940D+00  -0.157617D-01
   0.150940D+00   0.113493D+01   0.241579D-01
  -0.157617D-01   0.241579D-01   0.575771D+00
   0.731351D+00  -0.188726D-01   0.487420D-01
  -0.188726D-01   0.101116D+01  -0.193211D+00
   0.487420D-01  -0.193211D+00   0.744452D+00
   0.803788D+00  -0.132250D+00   0.303932D-01
  -0.132250D+00   0.103256D+01  -0.781795D-01
   0.303932D-01  -0.781795D-01   0.553830D+00
   0.848419D+00   0.742382D-01  -0.988577D-02
   0.742382D-01   0.906174D+00   0.175371D-01
  -0.988577D-02   0.175371D-01   0.612576D+00
   0.941840D+00  -0.180275D+00   0.599923D-01
  -0.180275D+00   0.910336D+00   0.575728D-01
   0.599923D-01   0.575728D-01   0.576489D+00
   0.119101D+01  -0.356690D-01   0.710996D-01
  -0.356690D-01   0.102362D+01  -0.298740D-01
   0.710996D-01  -0.298740D-01   0.512874D+00
   0.973908D+00  -0.124890D-01  -0.170002D+00
  -0.124890D-01   0.736233D+00   0.257954D+00
  -0.170002D+00   0.257954D+00   0.148112D+01
   0.114169D+01  -0.104214D+00  -0.616278D-01
  -0.104214D+00   0.724168D+00  -0.480236D-02
  -0.616278D-01  -0.480236D-02   0.550778D+00
   0.908597D+00  -0.181062D+00   0.181118D+00
  -0.181062D+00   0.845349D+00  -0.194705D+00
   0.181118D+00  -0.194705D+00   0.154496D+01
   0.117958D+01  -0.214593D+00   0.103206D+00
  -0.214593D+00   0.133436D+01  -0.834811D-02
   0.103206D+00  -0.834811D-02   0.508259D+00
   0.113500D+01   0.174672D+00  -0.964115D-01
   0.174672D+00   0.950266D+00   0.793230D-01
  -0.964115D-01   0.793230D-01   0.594405D+00
   0.121423D+01  -0.254293D-01  -0.660455D-01
  -0.254293D-01   0.112934D+01   0.222804D-01
  -0.660455D-01   0.222804D-01   0.500292D+00
   0.820771D+00  -0.582226D-01  -0.218677D+00
  -0.582226D-01   0.879099D+00   0.120933D+00
  -0.218677D+00   0.120933D+00   0.124929D+01
   0.102076D+01  -0.125795D+00  -0.629223D-01
  -0.125795D+00   0.109829D+01   0.112033D-01
  -0.629223D-01   0.112033D-01   0.575582D+00
   0.848810D+00   0.263026D+00   0.232278D-01
   0.263026D+00   0.106017D+01  -0.544733D-01
   0.232278D-01  -0.544733D-01   0.564142D+00
   0.110155D+01  -0.829681D-01  -0.407572D-01
  -0.829681D-01   0.158605D+01  -0.318417D-03
  -0.407572D-01  -0.318417D-03   0.464598D+00
   0.717171D+00  -0.165725D+00   0.799017D-01
  -0.165725D+00   0.115915D+01  -0.140850D+00
   0.799017D-01  -0.140850D+00   0.723574D+00
   0.951379D+00   0.147653D+00   0.184930D-01
   0.147653D+00   0.114897D+01   0.846485D-03
   0.184930D-01   0.846485D-03   0.738861D+00
   0.105844D+01  -0.291703D-01  -0.631355D-01
  -0.291703D-01   0.999839D+00  -0.129022D+00
  -0.631355D-01  -0.129022D+00   0.607295D+00
   0.877957D+00  -0.297772D+00  -0.822577D-01
  -0.297772D+00   0.117121D+01  -0.539824D-01
  -0.822577D-01  -0.539824D-01   0.566775D+00
   0.785196D+00  -0.432341D-01   0.750903D-01
  -0.432341D-01   0.966803D+00  -0.209495D-01
   0.750903D-01  -0.209495D-01   0.622854D+00
   0.110809D+01   0.140507D+00  -0.666370D-01
   0.140507D+00   0.121256D+01  -0.793157D-01
  -0.666370D-01  -0.793157D-01   0.442933D+00
   0.110217D+01   0.108321D+00   0.175120D-01
   0.108321D+00   0.956850D+00   0.805890D-01
   0.175120D-01   0.805890D-01   0.565355D+00
   0.109370D+01  -0.649159D-01  -0.541702D-01
  -0.649159D-01   0.126636D+01   0.627769D-01
  -0.541702D-01   0.627769D-01   0.581058D+00
   0.979123D+00  -0.518873D+00  -0.101070D-01
  -0.518873D+00   0.113931D+01   0.221611D-01
  -0.101070D-01   0.221611D-01   0.572534D+00
   0.115390D+01  -0.586441D-01  -0.337864D-02
  -0.586441D-01   0.104639D+01  -0.844098D-01
  -0.337864D-02  -0.844098D-01   0.481924D+00
   0.999847D+00   0.408601D-01   0.142935D+00
   0.408601D-01   0.629283D+00  -0.143552D+00
   0.142935D+00  -0.143552D+00   0.990271D+00
   0.937415D+00   0.722088D-01   0.677625D-02
   0.722088D-01   0.126270D+01   0.441259D-01
   0.677625D-02   0.441259D-01   0.480166D+00
   0.845381D+00  -0.908714D-01  -0.213845D+00
  -0.908714D-01   0.108616D+01  -0.725637D-02
  -0.213845D+00  -0.725637D-02   0.901282D+00
   0.564612D+00  -0.292452D-02   0.289978D-01
  -0.292452D-02   0.131441D+01  -0.105360D+00
   0.289978D-01  -0.105360D+00   0.613419D+00
   0.748033D+00   0.919170D-01   0.177717D-02
   0.919170D-01   0.126380D+01  -0.345257D-01
   0.177717D-02  -0.345257D-01   0.605739D+00
   0.896043D+00   0.921552D-01   0.298615D+00
   0.921552D-01   0.782078D+00   0.223361D+00
   0.298615D+00   0.223361D+00   0.161196D+01
   0.902762D+00  -0.394477D-01   0.213296D+00
  -0.394477D-01   0.676754D+00  -0.219232D+00
   0.213296D+00  -0.219232D+00   0.156985D+01
   0.977172D+00   0.565373D-01  -0.148623D+00
   0.565373D-01   0.106204D+01  -0.585868D-01
  -0.148623D+00  -0.585868D-01   0.807051D+00
   0.411877D+00  -0.263247D-01   0.797950D-02
  -0.263247D-01   0.947796D+00  -0.884449D-01
   0.797950D-02  -0.884449D-01   0.153330D+01
   0.898205D+00   0.476226D-01  -0.259281D+00
   0.476226D-01   0.886930D+00  -0.253498D+00
  -0.259281D+00  -0.253498D+00   0.118158D+01
   0.741385D+00  -0.133866D+00   0.285517D+00
  -0.133866D+00   0.143965D+01   0.132320D-01
   0.285517D+00   0.132320D-01   0.124363D+01
   0.882202D+00   0.220427D-01   0.295975D+00
   0.220427D-01   0.140655D+01   0.158714D+00
   0.295975D+00   0.158714D+00   0.130336D+01
   0.905117D+00  -0.107460D+00  -0.597695D-01
  -0.107460D+00   0.137877D+01   0.462598D-01
  -0.597695D-01   0.462598D-01   0.462864D+00
   0.475601D+00  -0.123517D+00  -0.417254D-01
  -0.123517D+00   0.780995D+00   0.155603D+00
  -0.417254D-01   0.155603D+00   0.782036D+00
   0.951080D+00   0.892123D-01  -0.191005D-01
   0.892123D-01   0.752231D+00   0.659139D-01
  -0.191005D-01   0.659139D-01   0.731291D+00
   0.781001D+00  -0.269866D-01   0.596267D-01
  -0.269866D-01   0.900389D+00   0.122748D+00
   0.596267D-01   0.122748D+00   0.172103D+01
   0.700100D+00  -0.494367D-01  -0.109814D+00
  -0.494367D-01   0.789236D+00  -0.444047D-01
  -0.109814D+00  -0.444047D-01   0.171047D+01
   0.834261D+00   0.376741D-01   0.204447D+00
   0.376741D-01   0.720007D+00   0.224685D+00
   0.204447D+00   0.224685D+00   0.178394D+01
   0.100359D+01   0.749739D-01   0.294821D+00
   0.749739D-01   0.873106D+00   0.802125D-01
   0.294821D+00   0.802125D-01   0.984437D+00
   0.901608D+00   0.219614D-01   0.206521D-02
   0.219614D-01   0.104725D+01  -0.128936D+00
   0.206521D-02  -0.128936D+00   0.576472D+00
   0.884334D+00  -0.420230D-01  -0.410574D-02
  -0.420230D-01   0.106234D+01  -0.408965D-01
  -0.410574D-02  -0.408965D-01   0.535462D+00
   0.654643D+00  -0.579046D-01   0.204273D+00
  -0.579046D-01   0.898350D+00   0.750599D-01
   0.204273D+00   0.750599D-01   0.170306D+01
   0.532357D+00   0.117038D+00   0.202403D+00
   0.117038D+00   0.115319D+01  -0.317929D+00
   0.202403D+00  -0.317929D+00   0.187806D+01
   0.116023D+01   0.358602D-01   0.180244D+00
   0.358602D-01   0.784745D+00   0.135408D+00
   0.180244D+00   0.135408D+00   0.152137D+01
   0.617727D+00  -0.149909D-01   0.861642D-01
  -0.149909D-01   0.802606D+00   0.135570D+00
   0.861642D-01   0.135570D+00   0.895402D+00
   0.105612D+01   0.756121D-01  -0.292524D-01
   0.756121D-01   0.101818D+01  -0.302083D+00
  -0.292524D-01  -0.302083D+00   0.115728D+01
   0.107154D+01   0.198800D+00   0.837511D-01
   0.198800D+00   0.775075D+00  -0.313058D-01
   0.837511D-01  -0.313058D-01   0.799481D+00
   0.105260D+01  -0.516719D-01  -0.509509D-01
  -0.516719D-01   0.114802D+01  -0.147190D-01
  -0.509509D-01  -0.147190D-01   0.538870D+00
   0.940705D+00  -0.266162D+00  -0.528824D-01
  -0.266162D+00   0.109989D+01  -0.534733D-01
  -0.528824D-01  -0.534733D-01   0.500014D+00
   0.908895D+00   0.679192D-01  -0.168724D-01
   0.679192D-01   0.930996D+00  -0.727976D-01
  -0.168724D-01  -0.727976D-01   0.658055D+00
   0.821011D+00  -0.160133D+00  -0.295668D+00
  -0.160133D+00   0.635714D+00   0.473191D-01
  -0.295668D+00   0.473191D-01   0.172455D+01
   0.100412D+01  -0.150536D-01  -0.435823D-01
  -0.150536D-01   0.148561D+01  -0.503150D-01
  -0.435823D-01  -0.503150D-01   0.553477D+00
   0.873067D+00  -0.243254D-01  -0.127929D+00
  -0.243254D-01   0.785649D+00  -0.282523D+00
  -0.127929D+00  -0.282523D+00   0.176084D+01
   0.864320D+00   0.313917D-02  -0.641426D-01
   0.313917D-02   0.144174D+01  -0.744299D-01
  -0.641426D-01  -0.744299D-01   0.516725D+00
   0.840755D+00   0.272916D-01  -0.237636D+00
   0.272916D-01   0.778825D+00  -0.281877D+00
  -0.237636D+00  -0.281877D+00   0.180464D+01
   0.919151D+00   0.723412D-01   0.173563D+00
   0.723412D-01   0.948491D+00   0.237313D+00
   0.173563D+00   0.237313D+00   0.101062D+01
   0.811009D+00  -0.953883D-01  -0.323713D+00
  -0.953883D-01   0.760057D+00   0.633689D-01
  -0.323713D+00   0.633689D-01   0.156979D+01
   0.100293D+01   0.114753D+00   0.357237D-01
   0.114753D+00   0.126245D+01   0.380709D-01
   0.357237D-01   0.380709D-01   0.523756D+00
   0.100894D+01  -0.894222D-01  -0.112447D-01
  -0.894222D-01   0.131894D+01   0.479028D-01
  -0.112447D-01   0.479028D-01   0.489494D+00
   0.110257D+01  -0.254409D-01   0.191790D-01
  -0.254409D-01   0.951567D+00  -0.606602D-01
   0.191790D-01  -0.606602D-01   0.531513D+00
   0.810847D+00   0.324620D-01   0.137180D+00
   0.324620D-01   0.121580D+01   0.164645D+00
   0.137180D+00   0.164645D+00   0.986435D+00
   0.706337D+00  -0.104327D-01   0.813099D-01
  -0.104327D-01   0.101201D+01  -0.114133D+00
   0.813099D-01  -0.114133D+00   0.118941D+01
   0.112925D+01   0.102768D+00  -0.680557D-01
   0.102768D+00   0.100171D+01  -0.942186D-01
  -0.680557D-01  -0.942186D-01   0.659467D+00
   0.115233D+01  -0.223531D+00  -0.605776D-02
  -0.223531D+00   0.127502D+01  -0.100036D-01
  -0.605776D-02  -0.100036D-01   0.569632D+00
   0.820641D+00   0.263367D-02   0.919351D-01
   0.263367D-02   0.677541D+00   0.183913D+00
   0.919351D-01   0.183913D+00   0.164150D+01
   0.950512D+00  -0.320408D+00   0.348017D-01
  -0.320408D+00   0.100220D+01   0.332423D-01
   0.348017D-01   0.332423D-01   0.638071D+00
   0.837219D+00  -0.125406D+00  -0.148228D+00
  -0.125406D+00   0.854245D+00  -0.864081D-02
  -0.148228D+00  -0.864081D-02   0.107597D+01
   0.985407D+00   0.188071D+00   0.971433D-01
   0.188071D+00   0.108010D+01   0.814149D-01
   0.971433D-01   0.814149D-01   0.500955D+00
   0.118605D+01   0.151374D+00  -0.140871D-01
   0.151374D+00   0.889629D+00  -0.871521D-02
  -0.140871D-01  -0.871521D-02   0.551207D+00
   0.773087D+00   0.598075D-01   0.195481D+00
   0.598075D-01   0.121029D+01   0.501838D-01
   0.195481D+00   0.501838D-01   0.643074D+00
   0.868103D+00  -0.135705D+00   0.203647D+00
  -0.135705D+00   0.637205D+00   0.797778D-01
   0.203647D+00   0.797778D-01   0.111913D+01
   0.808583D+00  -0.617666D-01  -0.399021D+00
  -0.617666D-01   0.555581D+00   0.742155D-01
  -0.399021D+00   0.742155D-01   0.151317D+01
   0.766164D+00  -0.114835D+00  -0.665530D-01
  -0.114835D+00   0.943247D+00   0.669877D-01
  -0.665530D-01   0.669877D-01   0.686696D+00
   0.114927D+01  -0.158213D+00  -0.188002D-01
  -0.158213D+00   0.932859D+00   0.344786D-01
  -0.188002D-01   0.344786D-01   0.598483D+00
   0.111126D+01  -0.453367D-01   0.557376D+00
  -0.453367D-01   0.708092D+00   0.246067D-01
   0.557376D+00   0.246067D-01   0.161919D+01
   0.790929D+00  -0.152830D+00   0.281923D+00
  -0.152830D+00   0.877925D+00  -0.132581D-02
   0.281923D+00  -0.132581D-02   0.114880D+01
   0.769744D+00   0.412314D-01  -0.972979D-01
   0.412314D-01   0.856897D+00  -0.347663D-01
  -0.972979D-01  -0.347663D-01   0.694979D+00
   0.788011D+00  -0.242894D+00   0.369751D-01
  -0.242894D+00   0.131313D+01   0.112985D+00
   0.369751D-01   0.112985D+00   0.613655D+00
   0.694874D+00  -0.774824D-01  -0.132138D+00
  -0.774824D-01   0.638723D+00   0.104606D-01
  -0.132138D+00   0.104606D-01   0.180129D+01
   0.802240D+00   0.803424D-01   0.462900D-01
   0.803424D-01   0.115391D+01   0.826865D-01
   0.462900D-01   0.826865D-01   0.471642D+00
   0.103162D+01   0.102483D+00  -0.159581D-01
   0.102483D+00   0.128112D+01   0.118354D+00
  -0.159581D-01   0.118354D+00   0.626724D+00
   0.872392D+00  -0.229395D+00   0.122156D+00
  -0.229395D+00   0.106462D+01   0.445052D+00
   0.122156D+00   0.445052D+00   0.164933D+01
   0.702349D+00   0.116850D+00   0.128202D+00
   0.116850D+00   0.765280D+00   0.822944D-01
   0.128202D+00   0.822944D-01   0.178261D+01
   0.895336D+00   0.174112D+00   0.178377D-01
   0.174112D+00   0.929901D+00  -0.653447D-01
   0.178377D-01  -0.653447D-01   0.519990D+00
   0.687904D+00   0.819390D-01   0.742559D-01
   0.819390D-01   0.988710D+00   0.114433D+00
   0.742559D-01   0.114433D+00   0.729556D+00
   0.923240D+00   0.101815D-01   0.289461D+00
   0.101815D-01   0.905090D+00   0.240895D+00
   0.289461D+00   0.240895D+00   0.137234D+01
   0.809939D+00   0.135164D+00   0.796302D-02
   0.135164D+00   0.107131D+01  -0.354367D-01
   0.796302D-02  -0.354367D-01   0.611442D+00
   0.861050D+00   0.707819D-01   0.941728D-01
   0.707819D-01   0.869964D+00   0.105831D+00
   0.941728D-01   0.105831D+00   0.612093D+00
   0.796805D+00  -0.916828D-01   0.103624D-01
  -0.916828D-01   0.853898D+00  -0.272858D-01
   0.103624D-01  -0.272858D-01   0.573260D+00
   0.796317D+00  -0.836651D-01   0.224830D-01
  -0.836651D-01   0.826913D+00  -0.185374D+00
   0.224830D-01  -0.185374D+00   0.157383D+01
   0.600061D+00  -0.647499D-02  -0.249926D+00
  -0.647499D-02   0.716587D+00  -0.101043D+00
  -0.249926D+00  -0.101043D+00   0.171641D+01
   0.447093D+00  -0.138032D+00  -0.183040D+00
  -0.138032D+00   0.874598D+00   0.145498D+00
  -0.183040D+00   0.145498D+00   0.160967D+01
   0.841704D+00  -0.402240D-02   0.460019D+00
  -0.402240D-02   0.113011D+01  -0.312463D+00
   0.460019D+00  -0.312463D+00   0.182459D+01
   0.955547D+00   0.137104D+00   0.158210D-01
   0.137104D+00   0.105046D+01   0.424217D-01
   0.158210D-01   0.424217D-01   0.473566D+00
   0.119167D+01   0.159784D+00   0.375696D-01
   0.159784D+00   0.983418D+00   0.347613D-01
   0.375696D-01   0.347613D-01   0.575982D+00
   0.958043D+00   0.205445D+00  -0.467964D-01
   0.205445D+00   0.105879D+01   0.115543D+00
  -0.467964D-01   0.115543D+00   0.563240D+00
   0.892046D+00  -0.399280D+00   0.127446D+00
  -0.399280D+00   0.827422D+00   0.286121D-02
   0.127446D+00   0.286121D-02   0.833888D+00
   0.859506D+00   0.313635D-01  -0.136708D+00
   0.313635D-01   0.918348D+00  -0.374833D-01
  -0.136708D+00  -0.374833D-01   0.496550D+00
   0.831419D+00   0.221682D-02  -0.766403D-02
   0.221682D-02   0.101450D+01  -0.119672D+00
  -0.766403D-02  -0.119672D+00   0.628415D+00
   0.906759D+00   0.235692D+00  -0.203649D+00
   0.235692D+00   0.100580D+01   0.434809D-01
  -0.203649D+00   0.434809D-01   0.159102D+01
   0.117039D+01  -0.422460D-01  -0.572216D+00
  -0.422460D-01   0.809950D+00  -0.894785D-01
  -0.572216D+00  -0.894785D-01   0.161448D+01
   0.107551D+01  -0.356080D-01  -0.359776D-01
  -0.356080D-01   0.118828D+01  -0.301301D-01
  -0.359776D-01  -0.301301D-01   0.492614D+00
   0.102285D+01   0.133765D+00  -0.594179D-01
   0.133765D+00   0.890913D+00  -0.229183D-01
  -0.594179D-01  -0.229183D-01   0.552584D+00
   0.971237D+00   0.671458D-01  -0.477626D-01
   0.671458D-01   0.727770D+00  -0.603291D-02
  -0.477626D-01  -0.603291D-02   0.649667D+00
   0.100512D+01   0.158801D+00   0.457283D-01
   0.158801D+00   0.889592D+00  -0.226870D-01
   0.457283D-01  -0.226870D-01   0.609781D+00
   0.786617D+00  -0.281436D-01  -0.516572D+00
  -0.281436D-01   0.809587D+00  -0.293321D-01
  -0.516572D+00  -0.293321D-01   0.172900D+01
   0.120944D+01   0.122490D+00   0.975357D-01
   0.122490D+00   0.913086D+00  -0.104405D+00
   0.975357D-01  -0.104405D+00   0.600824D+00
   0.131802D+01   0.428962D-01   0.200915D-01
   0.428962D-01   0.714135D+00  -0.494540D-02
   0.200915D-01  -0.494540D-02   0.549874D+00
   0.761955D+00   0.128186D+00  -0.405542D-01
   0.128186D+00   0.803200D+00   0.344834D-01
  -0.405542D-01   0.344834D-01   0.103485D+01
   0.789251D+00   0.655522D-01  -0.833182D-01
   0.655522D-01   0.937736D+00  -0.367068D-01
  -0.833182D-01  -0.367068D-01   0.634068D+00
   0.932144D+00   0.283126D-02   0.446831D-01
   0.283126D-02   0.119212D+01  -0.139968D+00
   0.446831D-01  -0.139968D+00   0.670066D+00
   0.811990D+00  -0.179587D+00   0.115158D+00
  -0.179587D+00   0.118186D+01  -0.107757D-01
   0.115158D+00  -0.107757D-01   0.642706D+00
   0.936564D+00   0.322837D-01   0.676888D-01
   0.322837D-01   0.624063D+00   0.136904D+00
   0.676888D-01   0.136904D+00   0.662940D+00
   0.114245D+01   0.165794D+00   0.101724D+00
   0.165794D+00   0.565918D+00   0.403686D-01
   0.101724D+00   0.403686D-01   0.137106D+01
   0.127322D+01   0.241400D-01  -0.298246D-01
   0.241400D-01   0.981812D+00  -0.126109D-01
  -0.298246D-01  -0.126109D-01   0.464810D+00
   0.625238D+00  -0.856490D-01  -0.867033D-01
  -0.856490D-01   0.135191D+01  -0.375273D-01
  -0.867033D-01  -0.375273D-01   0.617519D+00
   0.944870D+00  -0.148536D+00   0.209584D+00
  -0.148536D+00   0.114690D+01  -0.162507D+00
   0.209584D+00  -0.162507D+00   0.830483D+00
   0.630946D+00  -0.817129D-01   0.434317D+00
  -0.817129D-01   0.157639D+01  -0.397834D-01
   0.434317D+00  -0.397834D-01   0.174361D+01
   0.830120D+00  -0.480744D-01   0.389548D+00
  -0.480744D-01   0.957796D+00   0.113311D+00
   0.389548D+00   0.113311D+00   0.177421D+01
