   0.00000       144.000       114.000       105.000       31.0000       109.000       135.000       132.000       85.0000       79.0000       158.000       20.0000       73.0000       162.000       127.000       190.000       156.000       58.0000       87.0000       71.0000       154.000       55.0000    
   144.000       0.00000       144.000       181.000       147.000       76.0000       195.000       73.0000       64.0000       114.000       220.000       135.000       71.0000       18.0000       39.0000       60.0000       37.0000       101.000       62.0000       146.000       205.000       153.000    
   114.000       144.000       0.00000       49.0000       86.0000       169.000       51.0000       78.0000       130.000       42.0000       76.0000       94.0000       114.000       154.000       105.000       151.000       125.000       137.000       94.0000       46.0000       61.0000       66.0000    
   105.000       181.000       49.0000       0.00000       73.0000       189.000       31.0000       124.000       152.000       67.0000       52.0000       88.0000       135.000       195.000       146.000       197.000       169.000       147.000       123.000       40.0000       51.0000       49.0000    
   31.0000       147.000       86.0000       73.0000       0.00000       128.000       104.000       119.000       97.0000       57.0000       126.000       17.0000       82.0000       164.000       122.000       184.000       151.000       80.0000       85.0000       40.0000       123.000       24.0000    
   109.000       76.0000       169.000       189.000       128.000       0.00000       212.000       126.000       38.0000       128.000       238.000       112.000       54.0000       92.0000       95.0000       137.000       110.000       51.0000       77.0000       148.000       227.000       146.000    
   135.000       195.000       51.0000       31.0000       104.000       212.000       0.00000       129.000       174.000       85.0000       26.0000       118.000       157.000       206.000       157.000       201.000       176.000       173.000       141.000       67.0000       19.0000       79.0000    
   132.000       73.0000       78.0000       124.000       119.000       126.000       129.000       0.00000       92.0000       65.0000       153.000       115.000       84.0000       80.0000       35.0000       73.0000       47.0000       118.000       55.0000       98.0000       136.000       113.000    
   85.0000       64.0000       130.000       152.000       97.0000       38.0000       174.000       92.0000       0.00000       90.0000       200.000       82.0000       17.0000       82.0000       66.0000       120.000       89.0000       36.0000       39.0000       112.000       189.000       111.000    
   79.0000       114.000       42.0000       67.0000       57.0000       128.000       85.0000       65.0000       90.0000       0.00000       111.000       59.0000       73.0000       128.000       80.0000       137.000       106.000       95.0000       57.0000       33.0000       99.0000       48.0000    
   158.000       220.000       76.0000       52.0000       126.000       238.000       26.0000       153.000       200.000       111.000       0.00000       141.000       183.000       231.000       182.000       224.000       201.000       198.000       167.000       91.0000       19.0000       102.000    
   20.0000       135.000       94.0000       88.0000       17.0000       112.000       118.000       115.000       82.0000       59.0000       141.000       0.00000       67.0000       153.000       114.000       177.000       142.000       63.0000       75.0000       52.0000       137.000       39.0000    
   73.0000       71.0000       114.000       135.000       82.0000       54.0000       157.000       84.0000       17.0000       73.0000       183.000       67.0000       0.00000       90.0000       64.0000       123.000       89.0000       35.0000       28.0000       95.0000       172.000       95.0000    
   162.000       18.0000       154.000       195.000       164.000       92.0000       206.000       80.0000       82.0000       128.000       231.000       153.000       90.0000       0.00000       49.0000       47.0000       35.0000       119.000       79.0000       161.000       214.000       169.000    
   127.000       39.0000       105.000       146.000       122.000       95.0000       157.000       35.0000       66.0000       80.0000       182.000       114.000       64.0000       49.0000       0.00000       62.0000       28.0000       99.0000       40.0000       113.000       166.000       124.000    
   190.000       60.0000       151.000       197.000       184.000       137.000       201.000       73.0000       120.000       137.000       224.000       177.000       123.000       47.0000       62.0000       0.00000       34.0000       156.000       102.000       170.000       206.000       183.000    
   156.000       37.0000       125.000       169.000       151.000       110.000       176.000       47.0000       89.0000       106.000       201.000       142.000       89.0000       35.0000       28.0000       34.0000       0.00000       123.000       68.0000       139.000       183.000       151.000    
   58.0000       101.000       137.000       147.000       80.0000       51.0000       173.000       118.000       36.0000       95.0000       198.000       63.0000       35.0000       119.000       99.0000       156.000       123.000       0.00000       63.0000       106.000       190.000       100.000    
   87.0000       62.0000       94.0000       123.000       85.0000       77.0000       141.000       55.0000       39.0000       57.0000       167.000       75.0000       28.0000       79.0000       40.0000       102.000       68.0000       63.0000       0.00000       85.0000       154.000       91.0000    
   71.0000       146.000       46.0000       40.0000       40.0000       148.000       67.0000       98.0000       112.000       33.0000       91.0000       52.0000       95.0000       161.000       113.000       170.000       139.000       106.000       85.0000       0.00000       85.0000       20.0000    
   154.000       205.000       61.0000       51.0000       123.000       227.000       19.0000       136.000       189.000       99.0000       19.0000       137.000       172.000       214.000       166.000       206.000       183.000       190.000       154.000       85.0000       0.00000       98.0000    
   55.0000       153.000       66.0000       49.0000       24.0000       146.000       79.0000       113.000       111.000       48.0000       102.000       39.0000       95.0000       169.000       124.000       183.000       151.000       100.000       91.0000       20.0000       98.0000       0.00000    
